00000000000000000000000000000000000000000000000000
00000000000000000000000000000000000000000000000000
00000000000000000000000000000000000000000000000000
00000000000000000000000000000000000000000000000000
00000000000000000000000000000000005000000000000000
0000000000000000000000000000000000000000000000000000000000000000000000000000000000000000000000000000000000000000000
0000000000000000000000000000000000000000000000000000000000000000000000000000000000000000000000000000000000000000000
0000000000000000000000000000000000000000000000000000000000000000000000000000000000000000000000000000000000000000000
0000000000000000000000000000000000000000000000000000000000000000000000000000000000000000000000000000000000000000000
0000000000000000000000000000000000000000000000000000000000000000000000000000000000000000000000000000000000000000000
0000000000000000000000000000000004040000000000000000000000000000000000000000000000000000000000000000000000000000000
0000000000000000000000000000004000000000000000005400000000000000000000000000000000000000000000000000000000000000000
0000000000000000000000000000000000000000000000000000000000000000000000000000000000000000000000000000000000000000000
0000000000000000000000000000000000000000000000000000000000000000000000000000000000000000000000000000000000000000000
0000000000000500000000004440000000000000000000000000000000000000000000000000000000000000000000000000000000000000000
0000000000000000000000000000000000000000054444400000000000000000000000000000000000000000000000000000000000000000000
0000000000000000000000000000000000000000000000000000000000000000000000000000000000000000000000000004400000000000000
0000000000000000000000000000044000000000000000000000000000000000000000000000000000000000000000000000000000000000000
000000000004444400000000000000000000000000000000000000000000000000000000000000000000000000000000000000000000000000000000000000000000000000000000000000000000000000
00000000000000000000000000000000000000000000000000000000000000000000444000000000000000000000440000000000000000000000000004440000000000000000000000000
00000000000000000000000000000000000200000000007000000000000000000000000000000007007000000000000000000000000000000000000000000000000000000000000000000000000
00000000000000000000000000000000000100000000000000000000000000000000000000000000000000000000000000000000000000000000000000000000000000000700000000000000000
0000000000000000000000000000000000010000000000000000000000000000200000000020000000000002000000000000000000000000004440000000000020000000000000000000000000060700200
22222222222222222222222222222222222122222222222222222222222222221333333333122222222222210000000000000000000000000000000000000000122222222222222222222222222222221
11111111111111111111111111111111111111111111111111111111111111111333333333111111111111110000000000000000000000000000000000000000111111111111111111111111111111111
11111111111111111111111111111111111111111111111111111111111111111333333333111111111111110000000000000222222222000000000000000000111111111111111111111111111111111
11111111111111111111111111111111111111111111111111111111111111111333333333111111111111110000000000000111111111000000000000000000111111111111111111111111111111111