0000000000000000000000000000000000000000000000000000000000000000000000000000000000000000000000000000
0000000000000000000000000000000000000000000000000000000000000000000000000000000000000000000000000000
0000000000000000000000000000000000000000000000000000000000000000000000000000000000000000000000000000
0000000000000000000000000000000000000000000000000000000000000000011000000000000000000000000000000000
0000000000000000000000000000000000000000000000000000000000000000000000000000000000000000000000000000
0000000000000000000000000000000000000000000000000000000000000000000000000000000000000000000000500000
0000000000000000000000000000000000000000000000000000000000001100000000000000000000000200000000100000
0000000000000000000000000000000000000000000000000000000000000000000000000000000000000000000001110000
0000000000000000000000000000010000000000000000000000000000000000000000000000000000000000000000100000
0000000000000000000000000000000000100000000000000000000600000000000000000000000000000000000000000000
0000000000000000000000001000000000100000000000000000000111000000000000000000000000001211100000000000
0000000000000000000000000000000000100000000000000000000000000000000000000000000000000000000000000000
0000000000000000000000000000000000100000000000000000000000000000000000000000000000000000000000000000
0000000000000000000000000000000000100000000000001110000000000011100000000000012100000000000000000000
0000000000000000000000011100000000100000000110000000000000000000000000000000000000000000000000000000
0000000000000000001000000000000000100020000000000000000000000000000000000000000000000000000000000000
0000000000000000011000000000000000100000000000000000000000000000000010000000000000000000000000000000
0000000000000000111000000000000000100000000000000000000000000000000111000000000000000000000000000000
0000000000000001111000000000600000160000000000060006000000060000001111100000000000000000000000000000
0000000000000011111000000000000000100000000000000000000000000000011111110000000000000000000000000000
44444444444444444444444444444444444444444444444444444444444444444444444444444444444444444444444444444444444444444
33333333333333333333333333333333333333333333333333333333333333333333333333333333333333333333333333333333333333333
33333333333333333333333333333333333333333333333333333333333333333333333333333333333333333333333333333333333333333
33333333333333333333333333333333333333333333333333333333333333333333333333333333333333333333333333333333333333333
33333333333333333333333333333333333333333333333333333333333333333333333333333333333333333333333333333333333333333
33333333333333333333333333333333333333333333333333333333333333333333333333333333333333333333333333333333333333333
33333333333333333333333333333333333333333333333333333333333333333333333333333333333333333333333333333333333333333